final_instances/BIBD/1111552BIBD.minion 0.96 11.26 1.04 4.03 596.61 3.17 1.03 1.03 1.04 2.52 3.83 5.07 1.06 1.08 1.11 1.16 1.31 1.46 1.57 1.76
final_instances/BIBD/1111552BIBD_DoubleLex.minion 0.74 0.75 0.76 0.75 0.75 0.75 0.77 0.76 0.76 0.76 0.75 0.77 0.77 0.76 0.77 0.76 0.75 0.74 0.75 0.74
final_instances/BIBD/1313441BIBD.minion 1.23 13.04 1.49 16.48 37.42 7.02 1.35 1.37 1.41 5.28 9.15 11.96 1.46 1.47 1.57 1.74 1.99 2.27 2.52 2.81
final_instances/BIBD/1313441BIBD_DoubleLex.minion 0.84 0.86 0.85 0.85 0.84 0.84 0.83 0.84 0.85 0.84 0.84 0.84 0.85 0.84 0.84 0.84 0.86 0.85 0.83 0.86
final_instances/BIBD/610532BIBD.minion 0.69 14.15 0.72 0.80 50.09 0.99 0.71 0.72 0.72 0.89 1.04 1.20 0.72 0.73 0.74 0.75 0.78 0.82 0.85 0.87
final_instances/BIBD/610532BIBD_DoubleLex.minion 0.65 0.65 0.65 0.65 0.65 0.67 0.65 0.66 0.65 0.65 0.66 0.65 0.66 0.66 0.66 0.65 0.66 0.66 0.66 0.66
final_instances/BIBD/714632BIBD.minion 0.77 13.12 0.84 1.59 476.04 1.74 0.85 0.82 0.82 1.42 1.91 2.44 0.86 0.87 0.88 0.92 0.99 1.07 1.14 1.20
final_instances/BIBD/714632BIBD_DoubleLex.minion 0.69 0.69 0.69 0.69 0.69 0.69 0.69 0.69 0.70 0.69 0.69 0.70 0.69 0.69 0.68 0.68 0.68 0.68 0.69 0.70
final_instances/BIBD/77331BIBD.minion 0.69 14.49 0.71 0.80 47.61 0.93 0.71 0.71 0.71 0.82 0.96 1.06 0.70 0.71 0.71 0.73 0.76 0.80 0.84 0.87
final_instances/BIBD/77331BIBD_DoubleLex.minion 0.67 0.65 0.66 0.65 0.64 0.66 0.66 0.66 0.67 0.65 0.65 0.65 0.65 0.66 0.66 0.66 0.66 0.66 0.66 0.66
final_instances/BIBD/814743BIBD.minion 0.83 12.48 0.91 2.36 595.73 2.23 0.92 0.92 0.92 1.81 2.56 3.38 0.94 0.94 0.94 1.00 1.10 1.15 1.22 1.33
final_instances/BIBD/814743BIBD_DoubleLex.minion 0.71 0.72 0.71 0.70 0.70 0.70 0.71 0.71 0.71 0.72 0.71 0.71 0.72 0.72 0.72 0.72 0.72 0.72 0.72 0.72
final_instances/BIBD/912431BIBD.minion 0.84 12.59 0.93 2.34 596.60 2.27 0.93 0.93 0.92 1.86 2.79 3.45 0.93 0.95 0.96 1.02 1.12 1.21 1.33 1.43
final_instances/BIBD/912431BIBD_DoubleLex.minion 0.72 0.72 0.70 0.72 0.72 0.72 0.72 0.72 0.72 0.73 0.71 0.69 0.72 0.72 0.71 0.73 0.72 0.71 0.72 0.73
final_instances/exp_graph_colouring/anna.col.minion 2.29 23.13 2.45 2.75 2.85 2.57 2.47 2.48 2.46 2.50 2.48 2.47 2.48 2.46 2.48 2.52 2.54 2.49 2.37 2.52
final_instances/GracefulGraphs/DW3/DW3.minion 0.62 0.64 0.62 0.63 0.63 0.63 0.61 0.60 0.61 0.61 0.61 0.61 0.62 0.61 0.61 0.62 0.62 0.63 0.63 0.63
final_instances/GracefulGraphs/DW4/DW4.minion 0.62 0.65 0.62 0.62 0.64 0.64 0.62 0.62 0.62 0.62 0.62 0.62 0.62 0.62 0.63 0.63 0.63 0.63 0.63 0.64
final_instances/GracefulGraphs/DW5/DW5.minion 0.62 0.70 0.63 0.63 0.67 0.63 0.62 0.62 0.62 0.63 0.62 0.63 0.62 0.63 0.62 0.62 0.63 0.62 0.62 0.62
final_instances/GracefulGraphs/K3xP2/k3xp2.minion 0.60 0.61 0.61 0.62 0.63 0.63 0.62 0.62 0.62 0.62 0.62 0.62 0.62 0.62 0.62 0.61 0.62 0.62 0.62 0.62
final_instances/GracefulGraphs/K4xP2/k4xp2.minion 0.62 0.64 0.61 0.62 0.63 0.62 0.61 0.62 0.61 0.62 0.63 0.63 0.62 0.62 0.62 0.62 0.62 0.63 0.63 0.63
final_instances/GracefulGraphs/K5xP2/k5xp2.minion 0.62 0.72 0.62 0.62 0.70 0.64 0.62 0.62 0.62 0.63 0.63 0.63 0.62 0.62 0.63 0.63 0.63 0.64 0.64 0.64
final_instances/NoCons/2by5Domain2.minion 0.61 0.66 0.62 0.62 0.63 0.63 0.62 0.62 0.62 0.62 0.62 0.62 0.62 0.62 0.62 0.62 0.62 0.63 0.62 0.62
final_instances/NoCons/2by5Domain3.minion 0.61 0.65 0.62 0.62 0.63 0.63 0.62 0.62 0.62 0.62 0.62 0.62 0.62 0.62 0.62 0.62 0.62 0.62 0.62 0.62
final_instances/NoCons/2by5Domain4.minion 0.61 0.66 0.63 0.62 0.63 0.63 0.61 0.61 0.61 0.61 0.62 0.62 0.63 0.62 0.62 0.62 0.62 0.62 0.63 0.63
final_instances/NoCons/2by5Domain5.minion 0.61 0.65 0.62 0.62 0.62 0.63 0.62 0.62 0.61 0.61 0.62 0.62 0.61 0.63 0.63 0.61 0.62 0.63 0.63 0.63
final_instances/NoCons/2by5Domain6.minion 0.62 0.65 0.63 0.62 0.62 0.62 0.61 0.61 0.60 0.60 0.61 0.61 0.61 0.61 0.61 0.62 0.61 0.60 0.62 0.62
final_instances/NoCons/3by3Domain2.minion 0.61 0.61 0.61 0.62 0.62 0.63 0.62 0.62 0.62 0.62 0.61 0.62 0.62 0.62 0.62 0.62 0.62 0.62 0.62 0.62
final_instances/NoCons/3by3Domain3.minion 0.61 0.62 0.62 0.62 0.62 0.63 0.61 0.62 0.62 0.62 0.62 0.61 0.62 0.61 0.62 0.62 0.62 0.62 0.62 0.62
final_instances/NoCons/3by3Domain4.minion 0.62 0.62 0.61 0.62 0.62 0.63 0.62 0.62 0.62 0.62 0.62 0.62 0.61 0.61 0.62 0.62 0.62 0.62 0.62 0.62
final_instances/NoCons/3by3Domain5.minion 0.61 0.61 0.61 0.61 0.62 0.63 0.62 0.62 0.61 0.61 0.62 0.61 0.62 0.62 0.62 0.62 0.62 0.62 0.62 0.62
final_instances/NoCons/3by3Domain6.minion 0.60 0.62 0.62 0.61 0.62 0.63 0.61 0.62 0.62 0.62 0.62 0.62 0.61 0.62 0.61 0.63 0.62 0.62 0.62 0.62
final_instances/NoCons/3by4Domain2.minion 0.62 0.65 0.62 0.62 0.62 0.63 0.61 0.61 0.62 0.62 0.62 0.63 0.62 0.62 0.62 0.62 0.62 0.63 0.63 0.62
final_instances/NoCons/3by4Domain3.minion 0.61 0.65 0.62 0.62 0.62 0.63 0.61 0.62 0.62 0.62 0.63 0.62 0.61 0.62 0.62 0.62 0.62 0.62 0.62 0.63
final_instances/NoCons/3by4Domain4.minion 0.62 0.64 0.62 0.62 0.62 0.63 0.62 0.61 0.62 0.61 0.63 0.63 0.62 0.61 0.62 0.62 0.62 0.62 0.62 0.63
final_instances/NoCons/3by5Domain2.minion 0.61 0.77 0.62 0.61 0.63 0.63 0.60 0.61 0.61 0.61 0.62 0.62 0.61 0.62 0.61 0.61 0.63 0.63 0.63 0.62
final_instances/NoCons/3by5Domain3.minion 0.61 0.77 0.62 0.62 0.64 0.62 0.62 0.62 0.62 0.62 0.62 0.63 0.61 0.62 0.62 0.62 0.62 0.63 0.63 0.63
final_instances/NoCons/3by5Domain4.minion 0.62 0.76 0.61 0.62 0.63 0.63 0.62 0.62 0.62 0.61 0.63 0.63 0.61 0.62 0.62 0.62 0.62 0.62 0.63 0.63
final_instances/NoCons/4by2Domain2.minion 0.61 0.63 0.62 0.62 0.62 0.62 0.62 0.61 0.61 0.62 0.62 0.61 0.62 0.62 0.62 0.62 0.61 0.60 0.60 0.60
final_instances/NoCons/4by2Domain3.minion 0.60 0.61 0.61 0.61 0.62 0.63 0.61 0.61 0.61 0.62 0.62 0.62 0.61 0.61 0.61 0.61 0.62 0.61 0.62 0.61
final_instances/NoCons/4by2Domain4.minion 0.60 0.63 0.61 0.61 0.62 0.63 0.62 0.61 0.63 0.62 0.62 0.61 0.62 0.62 0.62 0.62 0.62 0.62 0.62 0.63
final_instances/NoCons/4by2Domain5.minion 0.61 0.62 0.62 0.61 0.62 0.62 0.61 0.61 0.61 0.62 0.61 0.62 0.62 0.62 0.62 0.62 0.62 0.62 0.62 0.62
final_instances/NoCons/4by2Domain6.minion 0.61 0.62 0.61 0.62 0.61 0.61 0.62 0.62 0.61 0.62 0.62 0.62 0.62 0.62 0.62 0.62 0.62 0.63 0.63 0.62
final_instances/NoCons/4by4Domain2.minion 0.61 0.73 0.62 0.62 0.62 0.63 0.61 0.61 0.61 0.60 0.61 0.61 0.63 0.62 0.62 0.62 0.63 0.62 0.63 0.64
final_instances/NoCons/4by4Domain3.minion 0.61 0.74 0.62 0.62 0.63 0.63 0.61 0.61 0.61 0.61 0.61 0.61 0.61 0.63 0.62 0.62 0.62 0.63 0.63 0.63
final_instances/NoCons/4by5Domain2.minion 0.61 1.45 0.62 0.62 0.67 0.63 0.61 0.61 0.61 0.61 0.62 0.63 0.63 0.62 0.61 0.62 0.61 0.62 0.62 0.63
final_instances/NoCons/5by5Domain2.minion 0.61 5.81 0.62 0.62 0.73 0.65 0.62 0.62 0.62 0.63 0.63 0.63 0.62 0.62 0.63 0.62 0.63 0.64 0.63 0.63
